parameters = 251 231 391 89 375 21 389 417 477 262 399 491 118 2 314 166 224 196 83 67 443 297 98 366 5 199 370 453 279 390 293 11 498 122 449 161 158 320 459 69 242 195 298 232 54 76 331 29 456 239 68 346 135 281 191 309 190 402 496 497 289 264 358 319 16 315 416 254 255 96 362 386 160 323 480 414 165 425 337 243 495 104 492 487 188 12 120 144 257 263 173 32 343 454 47 147 373 448 422 129 378 116 328 26 53 349 237 78 112 338 65 476 198 125 438 221 340 100 202 215 379 60 37 253 347 245 356 1 218 137 189 276 174 212 493 364 272 457 180 344 461 22 310 7 285 87 62 371 311 36 192 139 452 163 39 38 214 341 145 203 446 268 369 440 225 82 229 302 171 352 322 110 194 56 294 124 380 28 99 168 70 247 109 141 396 44 489 474 260 388 408 132 34 222 499 115 153 393 72 295 50 258 14 41 103 133 136 397 335 138 85 73 71 435 385 162 63 186 150 317 200 13 106 403 4 426 284 18 233 424 278 127 468 430 219 64 235 134 269 142 342 400 167 140 444 437 471 49 155 490 117 223 330 8 410 30 84 481 217 58 464 172 206 123 227 429 304 478 324 126 462 209 274 178 467 248 52 94 365 301 351 286 427 55 90 441 6 321 35 434 485 360 280 404 156 433 101 61 23 51 306 259 211 20 334 59 238 185 79 372 423 271 97 66 361 246 292 27 486 353 157 482 249 148 401 108 381 398 431 207 182 299 177 210 383 193 204 296 475 213 308 154 367 208 363 42 395 442 40 170 220 420 252 450 236 19 432 348 413 226 164 105 267 326 488 25 15 290 436 143 354 376 387 287 43 261 332 74 119 460 421 407 339 336 181 411 470 48 409 131 80 17 359 469 350 288 45 266 465 102 201 357 93 473 240 256 368 10 46 175 405 205 419 307 327 377 479 439 216 500 303 159 291 250 345 77 241 447 95 406 86 33 75 151 130 466 183 152 382 333 484 305 472 282 312 325 329 121 111 146 451 176 114 455 313 234 428 187 300 273 24 483 384 265 91 31 128 169 277 445 244 92 275 415 463 228 318 9 283 458 81 394 412 113 392 197 355 149 179 184 418 494 88 374 107 57 270 316 3 230

all : compile run

lc: debug leaks

compile :
		gcc *.c

debug :
		gcc -g -O1 *.c

leaks :
		valgrind --leak-check=full --show-leak-kinds=all ./a.out $(parameters)

run :
		./a.out $(parameters)

macclean :
		-rm -f *.c
		-rm -f *.exe

winclean :
		-del -f *.c
		-del -f *.exe
	
norm	:
		norminette *.c
